user|grnd_truth     |select         |err|iter|citer|speed|char_time |clock_time|wpm |err dist|cpc |
7   |he_            |he_            |0  |03  |03   |12.50|37.50     |45.67     |0.96|0       |2.00|
7   |is_            |is_            |0  |02  |02   |12.50|25.00     |31.69     |1.44|0       |1.33|
7   |just_          |just_          |0  |05  |05   |12.50|62.50     |74.50     |0.96|0       |2.00|
7   |like_          |like_          |0  |05  |05   |12.50|62.50     |74.37     |0.96|0       |1.80|
7   |everyone_      |everyone_      |0  |06  |06   |12.50|75.00     |88.64     |1.44|0       |1.33|
7   |else_          |else_          |0  |05  |05   |12.50|62.50     |74.49     |0.96|0       |2.00|
7   |.              |.              |1  |02  |02   |12.50|25.00     |31.85     |0.48|100     |3.00|
USER =  7  channel =  3  overlap =  0.12  DATA  =   data mean =  0.96
7   |watch_         |watch_         |0  |06  |06   |11.20|67.20     |80.27     |1.07|0       |2.00|
7   |out_           |out_           |0  |04  |04   |11.20|44.80     |54.61     |1.07|0       |2.00|
7   |for_           |for_           |0  |04  |04   |11.20|44.80     |54.30     |1.07|0       |2.00|
7   |low_           |low_           |0  |04  |04   |11.20|44.80     |54.48     |1.07|0       |2.00|
7   |flying_        |flying_        |0  |04  |04   |11.20|44.80     |54.55     |1.88|0       |1.00|
7   |objects_       |objects_       |0  |07  |07   |11.20|78.40     |93.66     |1.22|0       |1.75|
7   |.              |.              |0  |01  |01   |11.20|11.20     |16.18     |1.07|0       |2.00|
USER =  7  channel =  3  overlap =  0.10  DATA  =   data mean =  1.20809037901
7   |three_         |three_         |0  |05  |05   |9.00 |45.00     |56.54     |1.60|0       |1.67|
7   |two_           |two_           |0  |03  |03   |9.00 |27.00     |35.18     |1.78|0       |1.25|
7   |one_           |one_           |0  |04  |04   |9.00 |36.00     |45.81     |1.33|0       |1.75|
7   |zero_          |zero_          |0  |04  |04   |9.00 |36.00     |45.98     |1.67|0       |1.60|
7   |blast_         |blast_         |0  |06  |06   |9.00 |54.00     |68.02     |1.33|0       |1.83|
7   |off_           |off_           |0  |04  |04   |9.00 |36.00     |45.89     |1.33|0       |1.75|
7   |.              |.              |0  |01  |01   |9.00 |9.00      |13.93     |1.33|0       |2.00|
7   |great_         |great_         |0  |06  |06   |9.00 |54.00     |68.45     |1.33|0       |2.00|
USER =  7  channel =  3  overlap =  0.08  DATA  =   data mean =  1.46388888889
7   |time_          |time_          |0  |05  |05   |12.50|62.50     |74.13     |0.96|0       |1.60|
7   |to_            |to_            |0  |03  |03   |12.50|37.50     |45.65     |0.96|0       |2.00|
7   |go_            |go_            |1  |06  |06   |12.50|75.00     |88.64     |0.48|100     |3.67|
7   |shopping_      |shopping_      |0  |07  |07   |12.50|87.50     |103.10    |1.23|0       |1.44|
7   |.              |.              |0  |01  |01   |12.50|12.50     |17.50     |0.96|0       |2.00|
USER =  7  channel =  4  overlap =  0.12  DATA  =   data mean =  0.822857142857
7   |please_        |please_        |0  |07  |07   |11.20|78.40     |93.63     |1.07|0       |1.86|
7   |provide_       |provide_       |0  |08  |08   |11.20|89.60     |106.63    |1.07|0       |2.00|
7   |your_          |your_          |0  |05  |05   |11.20|56.00     |67.74     |1.07|0       |2.00|
7   |date_          |date_          |0  |05  |05   |11.20|56.00     |67.87     |1.07|0       |2.00|
7   |of_            |of_            |0  |02  |02   |11.20|22.40     |28.70     |1.61|0       |1.33|
7   |birth_         |birth_         |0  |06  |06   |11.20|67.20     |80.97     |1.07|0       |2.00|
7   |.              |.              |0  |01  |01   |11.20|11.20     |16.05     |1.07|0       |2.00|
USER =  7  channel =  4  overlap =  0.10  DATA  =   data mean =  1.14795918367
7   |we_            |we_            |0  |03  |03   |9.00 |27.00     |35.05     |1.33|0       |2.00|
7   |run_           |run_           |0  |04  |04   |9.00 |36.00     |45.97     |1.33|0       |2.00|
7   |the_           |the_           |0  |04  |04   |9.00 |36.00     |45.95     |1.33|0       |2.00|
7   |risk_          |risk_          |0  |05  |05   |9.00 |45.00     |56.97     |1.33|0       |1.80|
7   |of_            |of_            |0  |02  |02   |9.00 |18.00     |24.24     |2.00|0       |1.33|
7   |failure_       |failure_       |0  |08  |08   |9.00 |72.00     |89.67     |1.33|0       |1.88|
7   |.              |.              |0  |01  |01   |9.00 |9.00      |14.03     |1.33|0       |2.00|
7   |prayer_        |prayer_        |0  |07  |07   |9.00 |63.00     |79.46     |1.33|0       |1.86|
7   |in_            |in_            |0  |03  |03   |9.00 |27.00     |35.14     |1.33|0       |2.00|
USER =  7  channel =  4  overlap =  0.08  DATA  =   data mean =  1.40740740741
7   |great_         |great_         |0  |06  |06   |12.50|75.00     |88.54     |0.96|0       |2.00|
7   |disturbance_   |disturbance_   |0  |12  |12   |12.50|150.00    |174.96    |0.96|0       |2.00|
7   |in_            |ii_            |1  |03  |03   |12.50|37.50     |45.84     |0.96|33      |2.00|
7   |the_           |the_           |0  |04  |04   |12.50|50.00     |59.48     |0.96|0       |2.00|
7   |force_         |force_         |0  |06  |06   |12.50|75.00     |88.96     |0.96|0       |1.83|
7   |.              |.              |0  |01  |01   |12.50|12.50     |17.38     |0.96|0       |2.00|
USER =  7  channel =  5  overlap =  0.12  DATA  =   data mean =  0.96
7   |love_          |love_          |0  |06  |06   |11.20|67.20     |80.18     |0.89|0       |2.00|
7   |means_         |meanness_      |1  |05  |05   |11.20|56.00     |67.65     |1.93|50      |1.50|
7   |many_          |many_          |0  |04  |04   |11.20|44.80     |54.48     |1.34|0       |1.60|
7   |things_        |things_        |0  |06  |06   |11.20|67.20     |80.58     |1.25|0       |1.71|
7   |.              |.              |0  |01  |01   |11.20|11.20     |16.18     |1.07|0       |2.00|
7   |not_           |not_           |0  |04  |04   |11.20|44.80     |55.33     |1.07|0       |1.75|
7   |quite_         |quite_         |0  |04  |04   |11.20|44.80     |54.67     |1.61|0       |1.33|
7   |so_            |so_            |0  |03  |03   |11.20|33.60     |41.63     |1.07|0       |2.00|
USER =  7  channel =  5  overlap =  0.10  DATA  =   data mean =  1.27901785714
7   |why_           |why_           |0  |05  |05   |9.00 |45.00     |56.65     |1.07|0       |2.25|
7   |do_            |do_            |0  |03  |03   |9.00 |27.00     |35.22     |1.33|0       |2.00|
7   |you_           |you_           |0  |04  |04   |9.00 |36.00     |46.03     |1.33|0       |2.00|
7   |ask_           |ask_           |0  |05  |04   |9.00 |45.00     |46.36     |1.07|0       |2.00|
7   |silly_         |silly_         |0  |05  |05   |9.00 |45.00     |56.81     |1.60|0       |1.67|
7   |questions_     |questions_     |0  |09  |09   |9.00 |81.00     |100.63    |1.48|0       |1.80|
7   |.              |.              |0  |01  |01   |9.00 |9.00      |13.95     |1.33|0       |2.00|
7   |bring_         |bring_         |0  |06  |06   |9.00 |54.00     |68.54     |1.33|0       |2.00|
7   |the_           |the_           |0  |04  |04   |9.00 |36.00     |45.92     |1.33|0       |2.00|
7   |offenders_     |offenders_     |0  |09  |09   |9.00 |81.00     |100.43    |1.48|0       |1.60|
USER =  7  channel =  5  overlap =  0.08  DATA  =   data mean =  1.3362962963
8   |the_           |the_           |0  |04  |04   |12.50|50.00     |60.00     |0.96|0       |2.00|
8   |objective_     |objective_     |0  |10  |10   |12.50|125.00    |146.77    |0.96|0       |2.00|
8   |of_            |he_            |1  |03  |03   |12.50|37.50     |45.72     |0.96|66      |1.67|
8   |the_           |the_           |0  |04  |04   |12.50|50.00     |59.99     |0.96|0       |2.00|
8   |exercise_      |exercise_      |0  |09  |09   |12.50|112.50    |132.63    |0.96|0       |2.00|
USER =  8  channel =  3  overlap =  0.12  DATA  =   data mean =  0.96
8   |a_             |a_             |0  |02  |02   |11.20|22.40     |28.03     |1.07|0       |2.00|
8   |quarter_       |quarter_       |0  |08  |08   |11.20|89.60     |106.80    |1.07|0       |1.88|
8   |of_            |of_            |0  |02  |02   |11.20|22.40     |28.34     |1.61|0       |1.33|
8   |a_             |a_             |1  |04  |04   |11.20|44.80     |54.26     |0.54|100     |3.00|
8   |century_       |centuries_     |1  |07  |07   |11.20|78.40     |94.03     |1.53|37      |1.75|
8   |.              |.              |0  |01  |01   |11.20|11.20     |16.17     |1.07|0       |2.00|
USER =  8  channel =  3  overlap =  0.10  DATA  =   data mean =  1.05867346939
8   |breathing_     |breathing_     |0  |07  |07   |9.00 |63.00     |78.36     |1.90|0       |1.40|
8   |is_            |is_            |0  |03  |03   |9.00 |27.00     |34.92     |1.33|0       |2.00|
8   |difficult_     |difficult_     |0  |10  |10   |9.00 |90.00     |111.11    |1.33|0       |1.90|
8   |.              |.              |1  |02  |02   |9.00 |18.00     |24.72     |0.67|100     |3.00|
8   |hands_         |hands_         |0  |06  |06   |9.00 |54.00     |68.60     |1.33|0       |2.00|
8   |on_            |on_            |0  |03  |03   |9.00 |27.00     |34.97     |1.33|0       |1.67|
USER =  8  channel =  3  overlap =  0.08  DATA  =   data mean =  1.20634920635
8   |my_            |my_            |0  |03  |03   |12.50|37.50     |45.57     |0.96|0       |2.00|
8   |watch_         |watch_         |0  |06  |06   |12.50|75.00     |88.89     |0.96|0       |1.83|
8   |fell_          |fell_          |0  |05  |05   |12.50|62.50     |74.67     |0.96|0       |2.00|
8   |in_            |in_            |0  |04  |04   |12.50|50.00     |59.61     |0.72|0       |2.67|
8   |the_           |the_           |0  |04  |04   |12.50|50.00     |60.37     |0.96|0       |2.00|
8   |water_         |water_         |0  |06  |06   |12.50|75.00     |89.08     |0.96|0       |2.00|
8   |.              |.              |0  |01  |01   |12.50|12.50     |17.44     |0.96|0       |2.00|
USER =  8  channel =  4  overlap =  0.12  DATA  =   data mean =  0.925714285714
8   |our_           |our_           |0  |03  |03   |11.20|33.60     |41.53     |1.43|0       |1.25|
8   |fax_           |tax_           |1  |04  |04   |11.20|44.80     |54.99     |1.07|25      |1.75|
8   |number_        |number_        |0  |07  |07   |11.20|78.40     |93.84     |1.07|0       |1.86|
8   |has_           |has_           |0  |06  |06   |11.20|67.20     |80.65     |0.71|0       |2.75|
8   |changed_       |changed_       |0  |07  |07   |11.20|78.40     |94.24     |1.22|0       |1.75|
8   |.              |.              |0  |01  |01   |11.20|11.20     |16.09     |1.07|0       |2.00|
USER =  8  channel =  4  overlap =  0.10  DATA  =   data mean =  1.09693877551
8   |a_             |a_             |0  |02  |02   |9.00 |18.00     |23.94     |1.33|0       |2.00|
8   |good_          |good_          |0  |05  |05   |9.00 |45.00     |56.78     |1.33|0       |2.00|
8   |joke_          |joke_          |0  |05  |05   |9.00 |45.00     |57.25     |1.33|0       |2.00|
8   |deserves_      |deserves_      |0  |08  |08   |9.00 |72.00     |89.77     |1.50|0       |1.78|
8   |a_             |a_             |0  |02  |02   |9.00 |18.00     |24.02     |1.33|0       |2.00|
8   |good_          |good_          |0  |05  |05   |9.00 |45.00     |56.76     |1.33|0       |1.80|
8   |laugh_         |laugh_         |0  |07  |07   |9.00 |63.00     |78.73     |1.14|0       |2.00|
8   |.              |.              |0  |01  |01   |9.00 |9.00      |13.89     |1.33|0       |2.00|
8   |my_            |my_            |0  |03  |03   |9.00 |27.00     |35.99     |1.33|0       |2.00|
USER =  8  channel =  4  overlap =  0.08  DATA  =   data mean =  1.33068783069
8   |zero_          |zero_          |0  |04  |04   |12.50|50.00     |60.30     |1.20|0       |1.80|
8   |in_            |in_            |0  |05  |04   |12.50|62.50     |72.76     |0.58|0       |2.67|
8   |on_            |on_            |0  |03  |03   |12.50|37.50     |45.75     |0.96|0       |2.00|
8   |the_           |the_           |0  |04  |04   |12.50|50.00     |59.76     |0.96|0       |1.75|
8   |facts_         |facts_         |0  |05  |05   |12.50|62.50     |75.07     |1.15|0       |1.67|
8   |.              |.              |0  |01  |01   |12.50|12.50     |17.55     |0.96|0       |2.00|
USER =  8  channel =  5  overlap =  0.12  DATA  =   data mean =  0.968
8   |quick_         |quick_         |0  |06  |06   |11.20|67.20     |80.87     |1.07|0       |2.00|
8   |there_         |there_         |0  |06  |06   |11.20|67.20     |80.55     |1.07|0       |2.00|
8   |is_            |is_            |0  |02  |02   |11.20|22.40     |28.72     |1.61|0       |1.33|
8   |someone_       |someone_       |0  |06  |06   |11.20|67.20     |80.96     |1.43|0       |1.50|
8   |knocking_      |knocking_      |0  |06  |06   |11.20|67.20     |81.10     |1.61|0       |1.33|
8   |.              |.              |0  |01  |01   |11.20|11.20     |16.11     |1.07|0       |2.00|
8   |universities_  |universities_  |0  |12  |11   |11.20|134.40    |158.65    |1.16|0       |1.62|
USER =  8  channel =  5  overlap =  0.10  DATA  =   data mean =  1.28826530612
8   |physics_       |physics_       |0  |07  |07   |9.00 |63.00     |78.58     |1.52|0       |1.75|
8   |and_           |and_           |0  |05  |05   |9.00 |45.00     |56.78     |1.07|0       |2.25|
8   |chemistry_     |chemistry_     |0  |08  |08   |9.00 |72.00     |89.60     |1.67|0       |1.50|
8   |are_           |are_           |0  |04  |04   |9.00 |36.00     |45.94     |1.33|0       |1.75|
8   |hard_          |hard_          |0  |10  |09   |9.00 |90.00     |109.63    |0.67|0       |3.40|
8   |.              |.              |0  |01  |01   |9.00 |9.00      |13.98     |1.33|0       |2.00|
USER =  8  channel =  5  overlap =  0.08  DATA  =   data mean =  1.26507936508
9   |employee_      |employee_      |0  |09  |09   |12.50|112.50    |131.44    |0.96|0       |1.44|
9   |recruitment_   |recruitment_   |0  |08  |08   |12.50|100.00    |117.63    |1.44|0       |1.08|
9   |takes_         |takes_         |0  |06  |05   |12.50|75.00     |87.14     |0.96|0       |1.50|
9   |a_             |a_             |0  |03  |03   |12.50|37.50     |45.38     |0.64|0       |2.00|
USER =  9  channel =  3  overlap =  0.12  DATA  =   data mean =  1.0
9   |experience_    |experience_    |0  |11  |11   |11.20|123.20    |145.11    |1.07|0       |1.45|
9   |is_            |hairs_         |1  |07  |06   |11.20|78.40     |91.69     |0.92|133     |3.00|
9   |hard_          |card_          |1  |06  |06   |11.20|67.20     |80.17     |0.89|20      |2.00|
9   |to_            |to_            |0  |03  |03   |11.20|33.60     |41.85     |1.07|0       |2.00|
9   |come_          |come_          |0  |05  |05   |11.20|56.00     |67.04     |1.07|0       |1.80|
9   |by_            |by_            |0  |04  |04   |11.20|44.80     |54.18     |0.80|0       |1.33|
9   |.              |.              |1  |02  |02   |11.20|22.40     |29.03     |0.54|100     |3.00|
USER =  9  channel =  3  overlap =  0.10  DATA  =   data mean =  0.832725947522
9   |everyone_      |everyone_      |0  |06  |06   |9.00 |54.00     |66.98     |2.00|0       |1.00|
9   |wants_         |wants_         |0  |09  |08   |9.00 |81.00     |98.00     |0.89|0       |2.00|
9   |to_            |to_            |1  |06  |06   |9.00 |54.00     |67.46     |0.67|100     |3.00|
9   |win_           |win_           |0  |07  |06   |9.00 |63.00     |76.38     |0.76|0       |2.25|
9   |the_           |the_           |0  |05  |04   |9.00 |45.00     |54.81     |1.07|0       |1.25|
9   |lottery_       |lottery_       |0  |07  |07   |9.00 |63.00     |78.38     |1.52|0       |1.50|
9   |.              |.              |1  |03  |02   |9.00 |27.00     |33.95     |0.44|100     |2.00|
USER =  9  channel =  3  overlap =  0.08  DATA  =   data mean =  0.891609977324
9   |a_             |a_             |0  |02  |02   |12.50|25.00     |30.75     |0.96|0       |1.50|
9   |good_          |good_          |0  |05  |05   |12.50|62.50     |73.76     |0.96|0       |1.40|
9   |stimulus_      |stimulus_      |0  |07  |07   |12.50|87.50     |102.93    |1.23|0       |1.33|
9   |deserves_      |deserves_      |0  |10  |10   |12.50|125.00    |145.49    |0.86|0       |1.67|
9   |a_             |a_             |0  |04  |04   |12.50|50.00     |59.39     |0.48|0       |3.00|
USER =  9  channel =  4  overlap =  0.12  DATA  =   data mean =  0.899657142857
9   |everybody_     |everybody_     |0  |06  |06   |11.20|67.20     |80.77     |1.79|0       |0.80|
9   |looses_        |looses_        |0  |08  |07   |11.20|89.60     |104.78    |0.94|0       |1.57|
9   |in_            |in_            |0  |03  |03   |11.20|33.60     |41.23     |1.07|0       |2.00|
9   |custody_       |custody_       |0  |07  |07   |11.20|78.40     |93.86     |1.22|0       |1.50|
USER =  9  channel =  4  overlap =  0.10  DATA  =   data mean =  1.25478316327
9   |put_           |pg_            |1  |06  |05   |9.00 |54.00     |65.82     |0.67|50      |2.25|
9   |garbage_       |garbage_       |0  |07  |06   |9.00 |63.00     |67.98     |1.52|0       |1.38|
9   |in_            |in_            |0  |06  |04   |9.00 |54.00     |46.05     |0.67|0       |2.00|
9   |an_            |an_            |0  |05  |04   |9.00 |45.00     |54.77     |0.80|0       |2.00|
9   |abandoned_     |abandoned_     |0  |09  |08   |9.00 |81.00     |89.56     |1.48|0       |1.20|
9   |mine_          |mine_          |1  |12  |10   |9.00 |108.00    |129.06    |0.56|100     |3.40|
9   |.              |.              |1  |02  |02   |9.00 |18.00     |24.73     |0.67|100     |2.00|
USER =  9  channel =  4  overlap =  0.08  DATA  =   data mean =  0.734089191232
9   |the_           |the_           |0  |04  |04   |12.50|50.00     |59.07     |0.96|0       |2.00|
9   |picket_        |picket_        |0  |09  |07   |12.50|112.50    |127.64    |0.75|0       |1.14|
9   |line_          |line_          |0  |10  |09   |12.50|125.00    |143.80    |0.48|0       |3.40|
9   |gives_         |gives_         |0  |06  |05   |12.50|75.00     |86.82     |0.96|0       |1.33|
USER =  9  channel =  5  overlap =  0.12  DATA  =   data mean =  0.786666666667
9   |find_          |find_          |0  |06  |05   |11.20|67.20     |78.56     |0.89|0       |1.20|
9   |a_             |a_             |0  |04  |03   |11.20|44.80     |52.89     |0.54|0       |2.00|
9   |nearby_        |searby_        |1  |05  |05   |11.20|56.00     |67.50     |1.50|14      |1.14|
9   |parking_       |parking_       |0  |07  |07   |11.20|78.40     |93.32     |1.22|0       |1.25|
9   |spot_          |spot_          |0  |07  |07   |11.20|78.40     |93.25     |0.77|0       |2.00|
9   |.              |.              |0  |02  |02   |11.20|22.40     |28.76     |0.54|0       |2.00|
USER =  9  channel =  5  overlap =  0.10  DATA  =   data mean =  0.909013605442
9   |gun_           |gun_           |0  |04  |04   |9.00 |36.00     |45.62     |1.33|0       |2.00|
9   |powder_        |powder_        |0  |09  |07   |9.00 |81.00     |87.75     |1.04|0       |1.29|
9   |must_          |must_          |0  |09  |08   |9.00 |81.00     |89.36     |0.74|0       |2.40|
9   |be_            |be_            |1  |09  |06   |9.00 |81.00     |85.90     |0.44|100     |2.67|
9   |handled_       |candied_       |1  |13  |11   |9.00 |117.00    |139.88    |0.82|25      |1.88|
9   |with_          |with_          |0  |07  |05   |9.00 |63.00     |74.44     |0.95|0       |1.40|
USER =  9  channel =  5  overlap =  0.08  DATA  =   data mean =  0.814000814001
10  |exercise_      |exercise_      |0  |09  |09   |12.50|112.50    |132.37    |0.96|0       |2.00|
10  |is_            |is_            |0  |02  |02   |12.50|25.00     |31.41     |1.44|0       |1.33|
10  |good_          |good_          |0  |05  |05   |12.50|62.50     |74.83     |0.96|0       |2.00|
10  |for_           |for_           |0  |04  |04   |12.50|50.00     |60.26     |0.96|0       |1.75|
10  |the_           |the_           |0  |04  |04   |12.50|50.00     |60.21     |0.96|0       |1.75|
10  |mind_          |mind_          |0  |05  |05   |12.50|62.50     |74.70     |0.96|0       |2.00|
10  |.              |.              |0  |01  |01   |12.50|12.50     |17.66     |0.96|0       |2.00|
USER =  10  channel =  3  overlap =  0.12  DATA  =   data mean =  1.02857142857
10  |irregular_     |irregular_     |0  |10  |10   |11.20|112.00    |132.13    |1.07|0       |2.00|
10  |verbs_         |verbs_         |0  |05  |05   |11.20|56.00     |67.57     |1.29|0       |1.50|
10  |are_           |are_           |0  |04  |04   |11.20|44.80     |54.23     |1.07|0       |2.00|
10  |the_           |the_           |0  |04  |04   |11.20|44.80     |54.49     |1.07|0       |1.75|
10  |hardest_       |hardest_       |0  |06  |06   |11.20|67.20     |80.64     |1.43|0       |1.50|
USER =  10  channel =  3  overlap =  0.10  DATA  =   data mean =  1.18571428571
10  |they_          |they_          |0  |04  |04   |9.00 |36.00     |45.68     |1.67|0       |1.40|
10  |might_         |might_         |0  |04  |04   |9.00 |36.00     |45.69     |2.00|0       |1.33|
10  |find_          |find_          |0  |06  |06   |9.00 |54.00     |67.71     |1.11|0       |2.20|
10  |your_          |your_          |0  |05  |05   |9.00 |45.00     |56.66     |1.33|0       |2.00|
10  |comment_       |comment_       |0  |08  |08   |9.00 |72.00     |89.40     |1.33|0       |2.00|
10  |offensive_     |of_            |1  |02  |02   |9.00 |18.00     |24.14     |2.00|70      |0.40|
10  |.              |.              |0  |01  |01   |9.00 |9.00      |13.98     |1.33|0       |2.00|
10  |tell_          |tell_          |0  |05  |05   |9.00 |45.00     |57.65     |1.33|0       |2.00|
10  |a_             |a_             |0  |03  |03   |9.00 |27.00     |34.74     |0.89|0       |2.00|
10  |lie_           |lie_           |0  |04  |04   |9.00 |36.00     |46.12     |1.33|0       |2.00|
USER =  10  channel =  3  overlap =  0.08  DATA  =   data mean =  1.43333333333
10  |just_          |just_          |0  |06  |05   |12.50|75.00     |86.65     |0.80|0       |2.00|
10  |what_          |what_          |0  |03  |03   |12.50|37.50     |45.98     |1.60|0       |0.80|
10  |the_           |the_           |0  |04  |04   |12.50|50.00     |59.74     |0.96|0       |2.00|
10  |doctor_        |doctor_        |0  |07  |07   |12.50|87.50     |102.94    |0.96|0       |2.00|
10  |ordered_       |ordered_       |0  |06  |06   |12.50|75.00     |88.92     |1.28|0       |1.38|
10  |.              |.              |0  |01  |01   |12.50|12.50     |17.44     |0.96|0       |2.00|
USER =  10  channel =  4  overlap =  0.12  DATA  =   data mean =  1.09333333333
10  |a_             |a_             |0  |02  |02   |11.20|22.40     |28.24     |1.07|0       |1.50|
10  |rattle_        |rattle_        |0  |08  |07   |11.20|89.60     |105.17    |0.94|0       |2.00|
10  |snake_         |snake_         |0  |07  |06   |11.20|78.40     |92.27     |0.92|0       |1.83|
10  |is_            |is_            |0  |02  |02   |11.20|22.40     |28.64     |1.61|0       |1.33|
10  |very_          |very_          |0  |04  |04   |11.20|44.80     |54.60     |1.34|0       |1.60|
10  |poisonous_     |poisonous_     |0  |07  |07   |11.20|78.40     |94.20     |1.53|0       |1.40|
10  |.              |.              |0  |01  |01   |11.20|11.20     |16.10     |1.07|0       |2.00|
USER =  10  channel =  4  overlap =  0.10  DATA  =   data mean =  1.21082361516
10  |weeping_       |weeping_       |0  |05  |05   |9.00 |45.00     |56.83     |2.13|0       |1.25|
10  |willows_       |will_          |1  |04  |04   |9.00 |36.00     |46.01     |1.67|37      |1.00|
10  |are_           |are_           |0  |04  |04   |9.00 |36.00     |46.06     |1.33|0       |2.00|
10  |found_         |found_         |0  |06  |06   |9.00 |54.00     |67.83     |1.33|0       |2.00|
10  |near_          |near_          |0  |06  |06   |9.00 |54.00     |67.68     |1.11|0       |2.20|
10  |water_         |water_         |0  |06  |06   |9.00 |54.00     |67.86     |1.33|0       |2.00|
10  |.              |.              |0  |01  |01   |9.00 |9.00      |14.01     |1.33|0       |2.00|
USER =  10  channel =  4  overlap =  0.08  DATA  =   data mean =  1.46349206349
10  |i_             |i_             |0  |02  |02   |12.50|25.00     |31.21     |0.96|0       |2.00|
10  |cannot_        |cannot_        |0  |06  |06   |12.50|75.00     |89.27     |1.12|0       |1.71|
10  |believe_       |believe_       |0  |08  |08   |12.50|100.00    |117.11    |0.96|0       |1.88|
10  |i_             |i_             |0  |02  |02   |12.50|25.00     |31.38     |0.96|0       |2.00|
10  |ate_           |ate_           |0  |04  |04   |12.50|50.00     |59.93     |0.96|0       |1.75|
10  |the_           |the_           |0  |04  |04   |12.50|50.00     |59.65     |0.96|0       |1.75|
10  |whole_         |whole_         |0  |05  |05   |12.50|62.50     |74.61     |1.15|0       |1.67|
USER =  10  channel =  5  overlap =  0.12  DATA  =   data mean =  1.01028571429
10  |the_           |the_           |0  |04  |04   |11.20|44.80     |54.10     |1.07|0       |2.00|
10  |biggest_       |biggest_       |0  |06  |06   |11.20|67.20     |80.95     |1.43|0       |1.50|
10  |hamburger_     |hamburger_     |0  |10  |10   |11.20|112.00    |133.05    |1.07|0       |1.90|
10  |i_             |i_             |0  |02  |02   |11.20|22.40     |28.67     |1.07|0       |2.00|
10  |have_          |have_          |0  |03  |03   |11.20|33.60     |41.78     |1.79|0       |1.20|
10  |ever_          |ever_          |0  |05  |05   |11.20|56.00     |67.66     |1.07|0       |2.00|
10  |seen_          |seen_          |0  |04  |04   |11.20|44.80     |54.81     |1.34|0       |1.60|
10  |.              |.              |0  |01  |01   |11.20|11.20     |16.19     |1.07|0       |2.00|
USER =  10  channel =  5  overlap =  0.10  DATA  =   data mean =  1.23883928571
10  |gamblers_      |gamblers_      |0  |08  |08   |9.00 |72.00     |89.65     |1.50|0       |1.78|
10  |eventually_    |eventually_    |0  |09  |09   |9.00 |81.00     |100.65    |1.63|0       |1.55|
10  |loose_         |loose_         |0  |07  |06   |9.00 |63.00     |67.80     |1.14|0       |1.83|
10  |their_         |their_         |0  |04  |04   |9.00 |36.00     |46.05     |2.00|0       |1.33|
10  |shirts_        |shirts_        |0  |06  |06   |9.00 |54.00     |67.97     |1.56|0       |1.71|
10  |.              |.              |0  |01  |01   |9.00 |9.00      |14.06     |1.33|0       |2.00|
USER =  10  channel =  5  overlap =  0.08  DATA  =   data mean =  1.52689594356
11  |an_            |an_            |0  |03  |03   |12.50|37.50     |45.41     |0.96|0       |2.00|
11  |enlarged_      |enter_         |1  |07  |07   |12.50|87.50     |103.19    |0.82|55      |1.56|
11  |nose_          |nose_          |0  |08  |08   |12.50|100.00    |117.66    |0.60|0       |3.40|
11  |suggests_      |suggests_      |0  |08  |08   |12.50|100.00    |118.25    |1.08|0       |1.67|
USER =  11  channel =  3  overlap =  0.12  DATA  =   data mean =  0.865714285714
11  |lie_           |lie_           |0  |04  |04   |11.20|44.80     |54.64     |1.07|0       |2.00|
11  |detector_      |detector_      |0  |09  |09   |11.20|100.80    |119.05    |1.07|0       |2.11|
11  |tests_         |costs_         |1  |05  |05   |11.20|56.00     |67.89     |1.29|33      |1.67|
11  |never_         |newer_         |1  |05  |05   |11.20|56.00     |67.43     |1.29|16      |1.33|
11  |work_          |work_          |0  |08  |08   |11.20|89.60     |106.77    |0.67|0       |3.20|
11  |.              |.              |0  |01  |01   |11.20|11.20     |16.07     |1.07|0       |2.00|
USER =  11  channel =  3  overlap =  0.10  DATA  =   data mean =  1.07589285714
11  |do_            |do_            |0  |05  |05   |9.00 |45.00     |56.46     |0.80|0       |3.00|
11  |not_           |not_           |0  |05  |05   |9.00 |45.00     |56.88     |1.07|0       |2.50|
11  |lie_           |lie_           |0  |04  |04   |9.00 |36.00     |45.90     |1.33|0       |2.25|
11  |in_            |in_            |0  |03  |03   |9.00 |27.00     |34.83     |1.33|0       |2.00|
11  |court_         |court_         |0  |06  |06   |9.00 |54.00     |67.67     |1.33|0       |1.83|
11  |or_            |or_            |0  |03  |03   |9.00 |27.00     |35.05     |1.33|0       |2.00|
11  |else_          |else_          |0  |06  |06   |9.00 |54.00     |67.76     |1.11|0       |2.20|
11  |.              |.              |0  |01  |01   |9.00 |9.00      |14.04     |1.33|0       |2.00|
USER =  11  channel =  3  overlap =  0.08  DATA  =   data mean =  1.20555555556
11  |please_        |please_        |0  |07  |07   |12.50|87.50     |102.81    |0.96|0       |2.00|
11  |try_           |try_           |0  |04  |04   |12.50|50.00     |59.96     |0.96|0       |1.75|
11  |to_            |to_            |0  |03  |03   |12.50|37.50     |45.73     |0.96|0       |2.00|
11  |be_            |be_            |0  |03  |03   |12.50|37.50     |45.70     |0.96|0       |1.67|
11  |home_          |home_          |0  |05  |05   |12.50|62.50     |74.03     |0.96|0       |2.00|
11  |before_        |before_        |0  |03  |03   |12.50|37.50     |45.88     |2.24|0       |0.86|
USER =  11  channel =  4  overlap =  0.12  DATA  =   data mean =  1.17333333333
11  |if_            |if_            |0  |02  |02   |11.20|22.40     |28.38     |1.61|0       |1.33|
11  |you_           |you_           |0  |05  |05   |11.20|56.00     |67.26     |0.86|0       |2.25|
11  |come_          |come_          |0  |05  |05   |11.20|56.00     |67.65     |1.07|0       |2.00|
11  |home_          |home_          |0  |05  |05   |11.20|56.00     |67.52     |1.07|0       |2.00|
11  |late_          |late_          |0  |06  |06   |11.20|67.20     |80.52     |0.89|0       |2.40|
11  |the_           |the_           |0  |04  |04   |11.20|44.80     |54.58     |1.07|0       |2.00|
11  |doors_         |doors_         |0  |06  |06   |11.20|67.20     |80.82     |1.07|0       |2.00|
USER =  11  channel =  4  overlap =  0.10  DATA  =   data mean =  1.09183673469
11  |dormitory_     |dormitory_     |0  |09  |09   |9.00 |81.00     |100.10    |1.48|0       |1.70|
11  |doors_         |doors_         |0  |06  |06   |9.00 |54.00     |67.81     |1.33|0       |2.00|
11  |are_           |are_           |0  |05  |04   |9.00 |45.00     |55.00     |1.07|0       |2.00|
11  |locked_        |locked_        |0  |06  |06   |9.00 |54.00     |67.85     |1.56|0       |1.57|
11  |at_            |at_            |0  |03  |03   |9.00 |27.00     |35.06     |1.33|0       |2.00|
11  |midnight_      |midnight_      |0  |06  |06   |9.00 |54.00     |67.87     |2.00|0       |1.11|
11  |.              |.              |0  |01  |01   |9.00 |9.00      |13.96     |1.33|0       |2.00|
USER =  11  channel =  4  overlap =  0.08  DATA  =   data mean =  1.44338624339
11  |most_          |most_          |0  |08  |08   |12.50|100.00    |117.55    |0.60|0       |3.20|
11  |judges_        |judges_        |0  |06  |06   |12.50|75.00     |88.92     |1.12|0       |1.71|
11  |are_           |are_           |0  |04  |04   |12.50|50.00     |60.04     |0.96|0       |2.00|
11  |very_          |very_          |0  |04  |04   |12.50|50.00     |60.16     |1.20|0       |1.60|
11  |honest_        |honest_        |0  |07  |07   |12.50|87.50     |103.36    |0.96|0       |2.14|
USER =  11  channel =  5  overlap =  0.12  DATA  =   data mean =  0.968
11  |only_          |only_          |0  |03  |03   |11.20|33.60     |41.63     |1.79|0       |1.20|
11  |an_            |an_            |0  |03  |03   |11.20|33.60     |41.37     |1.07|0       |2.00|
11  |idiot_         |idiot_         |0  |06  |06   |11.20|67.20     |80.59     |1.07|0       |2.00|
11  |would_         |would_         |0  |03  |03   |11.20|33.60     |41.47     |2.14|0       |1.00|
11  |lie_           |lie_           |0  |05  |05   |11.20|56.00     |67.43     |0.86|0       |2.25|
11  |in_            |in_            |0  |03  |03   |11.20|33.60     |41.58     |1.07|0       |2.00|
11  |court_         |court_         |0  |06  |06   |11.20|67.20     |81.22     |1.07|0       |2.00|
11  |.              |.              |0  |01  |01   |11.20|11.20     |16.07     |1.07|0       |2.00|
USER =  11  channel =  5  overlap =  0.10  DATA  =   data mean =  1.26785714286
11  |important_     |important_     |0  |09  |09   |9.00 |81.00     |100.33    |1.48|0       |1.70|
11  |news_          |news_          |0  |05  |05   |9.00 |45.00     |56.95     |1.33|0       |2.00|
11  |always_        |always_        |0  |04  |04   |9.00 |36.00     |46.27     |2.33|0       |1.14|
11  |seems_         |seems_         |0  |05  |05   |9.00 |45.00     |57.06     |1.60|0       |1.50|
11  |to_            |to_            |0  |03  |03   |9.00 |27.00     |35.23     |1.33|0       |2.33|
11  |be_            |be_            |1  |06  |06   |9.00 |54.00     |67.70     |0.67|100     |3.33|
11  |late_          |late_          |0  |05  |05   |9.00 |45.00     |56.92     |1.33|0       |2.20|
11  |.              |.              |0  |01  |01   |9.00 |9.00      |14.05     |1.33|0       |2.00|
USER =  11  channel =  5  overlap =  0.08  DATA  =   data mean =  1.34351851852
12  |motivational_  |motivational_  |0  |11  |11   |12.50|137.50    |161.58    |1.13|0       |1.62|
12  |seminars_      |zemin_         |1  |04  |04   |12.50|50.00     |60.26     |1.44|44      |0.78|
12  |make_          |make_          |0  |05  |05   |12.50|62.50     |74.78     |0.96|0       |2.00|
12  |me_            |me_            |0  |03  |03   |12.50|37.50     |46.01     |0.96|0       |2.00|
12  |sick_          |sick_          |0  |06  |06   |12.50|75.00     |88.98     |0.80|0       |2.40|
12  |.              |.              |0  |01  |01   |12.50|12.50     |17.49     |0.96|0       |2.00|
USER =  12  channel =  3  overlap =  0.12  DATA  =   data mean =  1.04242424242
12  |questioning_   |questioning_   |0  |09  |09   |11.20|100.80    |119.61    |1.43|0       |1.50|
12  |the_           |the_           |0  |04  |04   |11.20|44.80     |54.80     |1.07|0       |2.00|
12  |wisdom_        |wisdom_        |0  |04  |04   |11.20|44.80     |54.59     |1.88|0       |1.14|
12  |of_            |of_            |0  |02  |02   |11.20|22.40     |28.68     |1.61|0       |1.33|
12  |the_           |the_           |0  |04  |04   |11.20|44.80     |54.53     |1.07|0       |2.00|
12  |courts_        |courts_        |0  |06  |06   |11.20|67.20     |80.97     |1.25|0       |1.71|
12  |.              |.              |0  |01  |01   |11.20|11.20     |16.03     |1.07|0       |2.00|
USER =  12  channel =  3  overlap =  0.10  DATA  =   data mean =  1.33928571429
12  |rejection_     |rejection_     |0  |08  |08   |9.00 |72.00     |89.11     |1.67|0       |1.60|
12  |letters_       |letters_       |0  |07  |07   |9.00 |63.00     |78.40     |1.52|0       |1.75|
12  |are_           |are_           |0  |04  |04   |9.00 |36.00     |45.86     |1.33|0       |1.75|
12  |discouraging_  |discouraging_  |0  |10  |10   |9.00 |90.00     |111.58    |1.73|0       |1.54|
12  |.              |.              |0  |01  |01   |9.00 |9.00      |14.11     |1.33|0       |2.00|
USER =  12  channel =  3  overlap =  0.08  DATA  =   data mean =  1.5180952381
12  |the_           |the_           |0  |04  |04   |12.50|50.00     |59.90     |0.96|0       |2.00|
12  |first_         |first_         |0  |04  |04   |12.50|50.00     |60.21     |1.44|0       |1.33|
12  |time_          |time_          |0  |05  |05   |12.50|62.50     |74.65     |0.96|0       |1.80|
12  |he_            |he_            |0  |03  |03   |12.50|37.50     |45.80     |0.96|0       |1.67|
12  |tried_         |tried_         |0  |05  |05   |12.50|62.50     |74.44     |1.15|0       |1.67|
12  |to_            |to_            |0  |03  |03   |12.50|37.50     |45.69     |0.96|0       |2.00|
12  |swim_          |swim_          |0  |05  |05   |12.50|62.50     |74.78     |0.96|0       |2.00|
12  |.              |.              |0  |01  |01   |12.50|12.50     |17.55     |0.96|0       |2.00|
USER =  12  channel =  4  overlap =  0.12  DATA  =   data mean =  1.044
12  |that_          |that_          |0  |04  |04   |11.20|44.80     |54.24     |1.34|0       |1.60|
12  |referendum_    |referendum_    |0  |08  |08   |11.20|89.60     |107.15    |1.47|0       |1.36|
12  |asked_         |asked_         |0  |04  |04   |11.20|44.80     |54.99     |1.61|0       |1.33|
12  |a_             |a_             |0  |02  |02   |11.20|22.40     |28.29     |1.07|0       |2.00|
12  |silly_         |silly_         |0  |05  |05   |11.20|56.00     |67.76     |1.29|0       |1.50|
12  |question_      |question_      |0  |09  |09   |11.20|100.80    |120.01    |1.07|0       |1.89|
12  |.              |.              |0  |01  |01   |11.20|11.20     |16.29     |1.07|0       |2.00|
USER =  12  channel =  4  overlap =  0.10  DATA  =   data mean =  1.27423469388
12  |the_           |the_           |0  |04  |04   |9.00 |36.00     |45.85     |1.33|0       |2.00|
12  |elevator_      |elevator_      |0  |09  |09   |9.00 |81.00     |100.58    |1.33|0       |1.67|
12  |door_          |door_          |0  |05  |05   |9.00 |45.00     |57.01     |1.33|0       |2.00|
12  |appears_       |appears_       |0  |07  |07   |9.00 |63.00     |78.76     |1.52|0       |1.75|
12  |to_            |to_            |0  |03  |03   |9.00 |27.00     |35.21     |1.33|0       |1.67|
12  |be_            |be_            |1  |06  |06   |9.00 |54.00     |67.60     |0.67|100     |3.67|
USER =  12  channel =  4  overlap =  0.08  DATA  =   data mean =  1.14285714286
12  |raindrops_     |raindrops_     |0  |09  |09   |12.50|112.50    |132.32    |1.07|0       |1.60|
12  |keep_          |keep_          |0  |05  |05   |12.50|62.50     |74.23     |0.96|0       |1.80|
12  |falling_       |falling_       |0  |05  |05   |12.50|62.50     |74.03     |1.54|0       |1.12|
12  |on_            |on_            |0  |03  |03   |12.50|37.50     |45.71     |0.96|0       |2.00|
12  |my_            |my_            |0  |03  |03   |12.50|37.50     |45.88     |0.96|0       |2.00|
12  |head_          |cdai_          |1  |06  |06   |12.50|75.00     |89.14     |0.80|60      |2.20|
12  |.              |.              |0  |01  |01   |12.50|12.50     |17.49     |0.96|0       |2.00|
USER =  12  channel =  5  overlap =  0.12  DATA  =   data mean =  1.03466666667
12  |spill_         |spill_         |0  |06  |06   |11.20|67.20     |80.50     |1.07|0       |2.00|
12  |coffee_        |coffee_        |0  |07  |07   |11.20|78.40     |93.81     |1.07|0       |2.00|
12  |on_            |on_            |0  |03  |03   |11.20|33.60     |41.51     |1.07|0       |2.00|
12  |the_           |the_           |0  |04  |04   |11.20|44.80     |54.70     |1.07|0       |2.00|
12  |carpet_        |carpet_        |0  |07  |07   |11.20|78.40     |94.19     |1.07|0       |2.00|
12  |.              |.              |0  |01  |01   |11.20|11.20     |16.19     |1.07|0       |2.00|
12  |an_            |an_            |0  |03  |03   |11.20|33.60     |41.51     |1.07|0       |2.00|
USER =  12  channel =  5  overlap =  0.10  DATA  =   data mean =  1.07142857143
12  |with_          |with_          |0  |05  |05   |9.00 |45.00     |56.49     |1.33|0       |2.00|
12  |each_          |each_          |0  |03  |03   |9.00 |27.00     |35.08     |2.22|0       |1.20|
12  |step_          |step_          |0  |06  |06   |9.00 |54.00     |67.78     |1.11|0       |2.20|
12  |forward_       |forward_       |0  |08  |08   |9.00 |72.00     |89.48     |1.33|0       |1.88|
12  |.              |.              |0  |01  |01   |9.00 |9.00      |13.97     |1.33|0       |2.00|
12  |faster_        |faster_        |0  |06  |06   |9.00 |54.00     |68.50     |1.56|0       |1.71|
12  |than_          |than_          |0  |05  |05   |9.00 |45.00     |56.92     |1.33|0       |2.00|
12  |a_             |a_             |0  |02  |02   |9.00 |18.00     |24.07     |1.33|0       |2.00|
USER =  12  channel =  5  overlap =  0.08  DATA  =   data mean =  1.44444444444
13  |our_           |our_           |0  |03  |03   |12.50|37.50     |45.09     |1.28|0       |1.50|
13  |housekeeper_   |houselights_   |1  |06  |06   |12.50|75.00     |88.43     |1.92|50      |1.00|
13  |does_          |does_          |0  |03  |03   |12.50|37.50     |45.59     |1.60|0       |1.20|
13  |a_             |a_             |1  |05  |04   |12.50|62.50     |72.03     |0.38|100     |4.00|
13  |thorough_      |thorough_      |0  |09  |09   |12.50|112.50    |130.79    |0.96|0       |1.78|
13  |job_           |job_           |0  |06  |05   |12.50|75.00     |86.68     |0.64|0       |2.00|
13  |.              |.              |1  |02  |02   |12.50|25.00     |31.50     |0.48|100     |4.00|
USER =  13  channel =  3  overlap =  0.12  DATA  =   data mean =  0.914285714286
13  |nvgowhpx_      |will_          |1  |04  |04   |11.20|44.80     |60.22     |1.34|88      |0.89|
13  |her_           |her_           |0  |04  |04   |11.20|44.80     |54.70     |1.07|0       |2.00|
13  |majesty_       |majesty_       |0  |07  |07   |11.20|78.40     |93.68     |1.22|0       |1.38|
13  |visited_       |visited_       |0  |06  |06   |11.20|67.20     |80.84     |1.43|0       |1.50|
13  |our_           |our_           |0  |03  |03   |11.20|33.60     |41.54     |1.43|0       |1.50|
13  |country_       |country_       |0  |08  |08   |11.20|89.60     |106.44    |1.07|0       |1.88|
13  |.              |.              |0  |02  |02   |11.20|22.40     |29.01     |0.54|0       |4.00|
USER =  13  channel =  3  overlap =  0.10  DATA  =   data mean =  1.15706997085
13  |handicapped_   |handicapped_   |0  |09  |09   |9.00 |81.00     |100.41    |1.78|0       |1.42|
13  |persons_       |persons_       |0  |08  |07   |9.00 |72.00     |88.00     |1.33|0       |1.75|
13  |need_          |need_          |0  |05  |05   |9.00 |45.00     |56.65     |1.33|0       |2.20|
13  |consideration_ |consideration_ |0  |14  |14   |9.00 |126.00    |154.66    |1.33|0       |2.00|
13  |.              |.              |0  |03  |02   |9.00 |27.00     |33.68     |0.44|0       |4.00|
USER =  13  channel =  3  overlap =  0.08  DATA  =   data mean =  1.24444444444
13  |these_         |these_         |0  |04  |04   |12.50|50.00     |58.64     |1.44|0       |1.33|
13  |barracks_      |barracks_      |0  |09  |08   |12.50|112.50    |127.93    |0.96|0       |1.78|
13  |are_           |are_           |0  |04  |04   |12.50|50.00     |59.04     |0.96|0       |2.00|
13  |big_           |big_           |0  |05  |05   |12.50|62.50     |73.18     |0.77|0       |2.50|
13  |enough_        |enough_        |0  |04  |04   |12.50|50.00     |59.28     |1.68|0       |1.14|
13  |.              |.              |0  |01  |01   |12.50|12.50     |17.19     |0.96|0       |2.00|
USER =  13  channel =  4  overlap =  0.12  DATA  =   data mean =  1.128
13  |sing_          |sing_          |0  |06  |06   |11.20|67.20     |80.60     |0.89|0       |2.00|
13  |the_           |the_           |0  |04  |04   |11.20|44.80     |54.49     |1.07|0       |2.00|
13  |gospel_        |gospel_        |0  |07  |07   |11.20|78.40     |93.62     |1.07|0       |1.86|
13  |and_           |and_           |0  |03  |03   |11.20|33.60     |41.57     |1.43|0       |1.50|
13  |the_           |the_           |0  |04  |04   |11.20|44.80     |54.46     |1.07|0       |2.00|
13  |blues_         |blues_         |0  |05  |05   |11.20|56.00     |68.02     |1.29|0       |1.67|
13  |.              |.              |0  |01  |01   |11.20|11.20     |16.15     |1.07|0       |2.00|
USER =  13  channel =  4  overlap =  0.10  DATA  =   data mean =  1.12755102041
13  |he_            |he_            |0  |04  |03   |9.00 |36.00     |44.08     |1.00|0       |2.00|
13  |underwent_     |underwent_     |0  |08  |08   |9.00 |72.00     |89.44     |1.67|0       |1.60|
13  |triple_        |triple_        |0  |07  |07   |9.00 |63.00     |78.63     |1.33|0       |2.00|
13  |bypass_        |bypass_        |0  |07  |07   |9.00 |63.00     |78.66     |1.33|0       |1.86|
13  |surgery_       |surgery_       |0  |09  |07   |9.00 |81.00     |88.01     |1.19|0       |1.50|
13  |.              |.              |0  |01  |01   |9.00 |9.00      |13.90     |1.33|0       |2.00|
USER =  13  channel =  4  overlap =  0.08  DATA  =   data mean =  1.30864197531
13  |nothing_       |nothing_       |0  |05  |05   |12.50|62.50     |73.33     |1.54|0       |1.50|
13  |wrong_         |wrote_         |1  |04  |04   |12.50|50.00     |59.22     |1.44|33      |1.17|
13  |with_          |with_          |0  |05  |05   |12.50|62.50     |73.33     |0.96|0       |2.00|
13  |his_           |his_           |0  |03  |03   |12.50|37.50     |45.21     |1.28|0       |1.50|
13  |style_         |style_         |0  |06  |06   |12.50|75.00     |87.77     |0.96|0       |1.83|
13  |.              |.              |0  |01  |01   |12.50|12.50     |17.19     |0.96|0       |2.00|
USER =  13  channel =  5  overlap =  0.12  DATA  =   data mean =  1.18933333333
13  |wishful_       |will_          |1  |05  |04   |11.20|56.00     |72.84     |1.07|50      |0.88|
13  |arguing_       |arguing_       |0  |05  |05   |11.20|56.00     |67.55     |1.71|0       |1.25|
13  |with_          |with_          |0  |05  |05   |11.20|56.00     |67.44     |1.07|0       |2.00|
13  |the_           |the_           |0  |04  |04   |11.20|44.80     |54.60     |1.07|0       |2.00|
13  |boss_          |boss_          |0  |05  |05   |11.20|56.00     |67.67     |1.07|0       |2.00|
13  |is_            |is_            |0  |02  |02   |11.20|22.40     |28.74     |1.61|0       |1.33|
13  |futile_        |futile_        |0  |06  |06   |11.20|67.20     |80.85     |1.25|0       |1.71|
13  |.              |.              |0  |01  |01   |11.20|11.20     |16.12     |1.07|0       |2.00|
USER =  13  channel =  5  overlap =  0.10  DATA  =   data mean =  1.24107142857
13  |taking_        |taking_        |0  |07  |06   |9.00 |63.00     |67.75     |1.33|0       |1.57|
13  |the_           |the_           |0  |04  |04   |9.00 |36.00     |45.73     |1.33|0       |2.00|
13  |train_         |train_         |0  |08  |06   |9.00 |72.00     |86.03     |1.00|0       |2.00|
13  |is_            |is_            |0  |03  |02   |9.00 |27.00     |33.44     |1.33|0       |1.33|
13  |usually_       |usually_       |0  |06  |06   |9.00 |54.00     |67.75     |1.78|0       |1.50|
13  |faster_        |faster_        |0  |06  |06   |9.00 |54.00     |67.66     |1.56|0       |1.71|
13  |.              |.              |0  |01  |01   |9.00 |9.00      |13.89     |1.33|0       |2.00|
13  |the_           |the_           |0  |04  |04   |9.00 |36.00     |46.81     |1.33|0       |1.75|
13  |cat_           |cat_           |0  |07  |07   |9.00 |63.00     |78.37     |0.76|0       |3.50|
USER =  13  channel =  5  overlap =  0.08  DATA  =   data mean =  1.30687830688
15  |a_             |a_             |0  |03  |02   |12.50|37.50     |43.82     |0.64|0       |2.00|
15  |glance_        |glance_        |0  |07  |07   |12.50|87.50     |103.60    |0.96|0       |2.00|
15  |in_            |in_            |0  |03  |03   |12.50|37.50     |45.84     |0.96|0       |2.00|
15  |the_           |the_           |0  |04  |04   |12.50|50.00     |59.93     |0.96|0       |2.00|
15  |right_         |right_         |0  |07  |06   |12.50|87.50     |101.55    |0.82|0       |2.00|
15  |direction_     |direction_     |0  |10  |10   |12.50|125.00    |146.76    |0.96|0       |2.00|
15  |.              |.              |0  |01  |01   |12.50|12.50     |17.52     |0.96|0       |2.00|
USER =  15  channel =  3  overlap =  0.12  DATA  =   data mean =  0.894693877551
15  |this_          |this_          |0  |04  |04   |11.20|44.80     |54.41     |1.34|0       |1.60|
15  |leather_       |leather_       |0  |08  |08   |11.20|89.60     |106.67    |1.07|0       |2.00|
15  |jacket_        |jacket_        |0  |07  |07   |11.20|78.40     |93.72     |1.07|0       |1.71|
15  |is_            |is_            |0  |02  |02   |11.20|22.40     |28.63     |1.61|0       |1.33|
15  |too_           |too_           |0  |05  |04   |11.20|56.00     |65.88     |0.86|0       |2.00|
15  |warm_          |warm_          |0  |05  |05   |11.20|56.00     |67.57     |1.07|0       |2.00|
15  |.              |.              |0  |01  |01   |11.20|11.20     |16.05     |1.07|0       |2.00|
USER =  15  channel =  3  overlap =  0.10  DATA  =   data mean =  1.1556122449
15  |video_         |video_         |0  |06  |06   |9.00 |54.00     |67.38     |1.33|0       |2.00|
15  |camera_        |camera_        |0  |07  |07   |9.00 |63.00     |78.53     |1.33|0       |1.71|
15  |with_          |with_          |0  |05  |05   |9.00 |45.00     |56.33     |1.33|0       |2.00|
15  |zoom_          |zoom_          |0  |05  |05   |9.00 |45.00     |56.71     |1.33|0       |2.00|
15  |lens_          |lens_          |0  |06  |05   |9.00 |54.00     |66.11     |1.11|0       |2.00|
15  |.              |.              |0  |02  |02   |9.00 |18.00     |24.77     |0.67|0       |4.00|
15  |my_            |my_            |0  |05  |05   |9.00 |45.00     |57.55     |0.80|0       |2.67|
USER =  15  channel =  3  overlap =  0.08  DATA  =   data mean =  1.13015873016
15  |circumstances_ |circumstances_ |0  |07  |07   |12.50|87.50     |103.32    |1.92|0       |1.00|
15  |are_           |are_           |0  |04  |04   |12.50|50.00     |60.00     |0.96|0       |2.00|
15  |unacceptable_  |unacceptable_  |0  |06  |06   |12.50|75.00     |89.21     |2.08|0       |0.92|
15  |.              |.              |0  |01  |01   |12.50|12.50     |17.44     |0.96|0       |2.00|
15  |if_            |if_            |0  |02  |02   |12.50|25.00     |31.81     |1.44|0       |1.33|
15  |at_            |at_            |0  |04  |03   |12.50|50.00     |58.38     |0.72|0       |2.00|
15  |first_         |first_         |0  |04  |04   |12.50|50.00     |60.19     |1.44|0       |1.33|
USER =  15  channel =  4  overlap =  0.12  DATA  =   data mean =  1.36
15  |we_            |we_            |0  |03  |03   |11.20|33.60     |41.59     |1.07|0       |2.00|
15  |are_           |are_           |0  |04  |04   |11.20|44.80     |54.56     |1.07|0       |2.00|
15  |having_        |have_          |1  |03  |03   |11.20|33.60     |41.62     |1.79|42      |0.57|
15  |spaghetti_     |spaghetti_     |0  |06  |06   |11.20|67.20     |81.23     |1.79|0       |1.10|
15  |.              |.              |0  |01  |01   |11.20|11.20     |16.14     |1.07|0       |2.00|
15  |time_          |time_          |0  |05  |05   |11.20|56.00     |68.59     |1.07|0       |2.00|
15  |to_            |to_            |0  |03  |03   |11.20|33.60     |41.79     |1.07|0       |2.00|
15  |go_            |go_            |0  |04  |04   |11.20|44.80     |54.68     |0.80|0       |2.67|
USER =  15  channel =  4  overlap =  0.10  DATA  =   data mean =  1.21651785714
15  |a_             |a_             |0  |02  |02   |9.00 |18.00     |23.89     |1.33|0       |2.00|
15  |good_          |good_          |0  |05  |05   |9.00 |45.00     |56.80     |1.33|0       |2.00|
15  |response_      |response_      |0  |09  |09   |9.00 |81.00     |100.51    |1.33|0       |1.89|
15  |to_            |to_            |0  |03  |03   |9.00 |27.00     |35.20     |1.33|0       |2.00|
15  |the_           |the_           |0  |05  |04   |9.00 |45.00     |46.20     |1.07|0       |2.00|
15  |question_      |question_      |0  |09  |09   |9.00 |81.00     |100.16    |1.33|0       |2.00|
15  |.              |.              |0  |01  |01   |9.00 |9.00      |13.91     |1.33|0       |2.00|
15  |a_             |a_             |0  |03  |02   |9.00 |27.00     |34.19     |0.89|0       |2.00|
USER =  15  channel =  4  overlap =  0.08  DATA  =   data mean =  1.24444444444
15  |destruction_   |destruction_   |0  |11  |10   |12.50|137.50    |159.46    |1.05|0       |1.67|
15  |of_            |of_            |0  |03  |02   |12.50|37.50     |44.04     |0.96|0       |1.33|
15  |the_           |the_           |0  |04  |04   |12.50|50.00     |60.30     |0.96|0       |2.00|
15  |rain_          |rain_          |0  |06  |05   |12.50|75.00     |87.09     |0.80|0       |2.00|
15  |forest_        |forest_        |0  |07  |07   |12.50|87.50     |103.52    |0.96|0       |2.00|
15  |.              |.              |0  |01  |01   |12.50|12.50     |17.35     |0.96|0       |2.00|
USER =  15  channel =  5  overlap =  0.12  DATA  =   data mean =  0.947878787879
15  |i_             |i_             |0  |02  |02   |11.20|22.40     |28.56     |1.07|0       |2.00|
15  |like_          |like_          |0  |07  |06   |11.20|78.40     |92.16     |0.77|0       |2.00|
15  |to_            |to_            |0  |04  |03   |11.20|44.80     |53.00     |0.80|0       |2.00|
15  |play_          |play_          |0  |05  |05   |11.20|56.00     |68.02     |1.07|0       |2.00|
15  |tennis_        |tennis_        |0  |05  |05   |11.20|56.00     |67.74     |1.50|0       |1.43|
15  |.              |.              |0  |01  |01   |11.20|11.20     |16.12     |1.07|0       |2.00|
15  |acutely_       |acutely_       |0  |08  |07   |11.20|89.60     |106.08    |1.07|0       |1.62|
USER =  15  channel =  5  overlap =  0.10  DATA  =   data mean =  1.05065597668
15  |you_           |you_           |0  |04  |04   |9.00 |36.00     |45.78     |1.33|0       |2.00|
15  |want_          |want_          |0  |06  |05   |9.00 |54.00     |66.26     |1.11|0       |2.00|
15  |to_            |to_            |0  |03  |03   |9.00 |27.00     |35.37     |1.33|0       |2.00|
15  |eat_           |eat_           |0  |04  |04   |9.00 |36.00     |45.94     |1.33|0       |2.00|
15  |your_          |your_          |0  |05  |05   |9.00 |45.00     |56.86     |1.33|0       |2.00|
15  |cake_          |cake_          |0  |05  |05   |9.00 |45.00     |56.96     |1.33|0       |2.00|
15  |.              |.              |0  |01  |01   |9.00 |9.00      |13.95     |1.33|0       |2.00|
15  |machinery_     |iwc_           |1  |03  |03   |9.00 |27.00     |35.99     |1.78|80      |0.60|
15  |is_            |is_            |0  |04  |03   |9.00 |36.00     |44.52     |1.00|0       |2.00|
USER =  15  channel =  5  overlap =  0.08  DATA  =   data mean =  1.32098765432
16  |every_         |every_         |0  |06  |06   |12.50|75.00     |88.47     |0.96|0       |2.00|
16  |apple_         |apple_         |0  |06  |06   |12.50|75.00     |88.71     |0.96|0       |2.00|
16  |from_          |from_          |0  |03  |03   |12.50|37.50     |45.84     |1.60|0       |1.20|
16  |every_         |every_         |0  |06  |06   |12.50|75.00     |88.74     |0.96|0       |2.00|
16  |tree_          |tree_          |0  |05  |05   |12.50|62.50     |74.32     |0.96|0       |2.00|
16  |.              |.              |0  |01  |01   |12.50|12.50     |17.52     |0.96|0       |2.00|
USER =  16  channel =  3  overlap =  0.12  DATA  =   data mean =  1.06666666667
16  |are_           |are_           |0  |04  |04   |11.20|44.80     |54.47     |1.07|0       |2.00|
16  |you_           |you_           |0  |04  |04   |11.20|44.80     |54.74     |1.07|0       |1.75|
16  |sure_          |sure_          |0  |05  |05   |11.20|56.00     |67.56     |1.07|0       |2.00|
16  |you_           |you_           |0  |04  |04   |11.20|44.80     |54.63     |1.07|0       |2.00|
16  |want_          |want_          |0  |05  |05   |11.20|56.00     |67.71     |1.07|0       |2.00|
16  |this_          |this_          |0  |04  |04   |11.20|44.80     |54.64     |1.34|0       |1.60|
16  |.              |.              |0  |01  |01   |11.20|11.20     |16.20     |1.07|0       |2.00|
USER =  16  channel =  3  overlap =  0.10  DATA  =   data mean =  1.10969387755
16  |the_           |the_           |1  |08  |08   |9.00 |72.00     |88.84     |0.67|100     |4.00|
16  |fourth_        |fourth_        |0  |06  |06   |9.00 |54.00     |67.87     |1.56|0       |1.71|
16  |edition_       |edition_       |0  |08  |08   |9.00 |72.00     |89.15     |1.33|0       |2.12|
16  |was_           |was_           |0  |03  |03   |9.00 |27.00     |35.16     |1.78|0       |1.50|
16  |better_        |better_        |0  |05  |04   |9.00 |45.00     |55.22     |1.87|0       |1.14|
16  |.              |.              |1  |02  |02   |9.00 |18.00     |24.83     |0.67|100     |3.00|
16  |this_          |this_          |0  |04  |04   |9.00 |36.00     |46.66     |1.67|0       |1.60|
16  |system_        |system_        |0  |07  |07   |9.00 |63.00     |78.63     |1.33|0       |2.29|
USER =  16  channel =  3  overlap =  0.08  DATA  =   data mean =  1.19166666667
16  |the_           |the_           |0  |04  |04   |12.50|50.00     |60.00     |0.96|0       |2.00|
16  |ropes_         |ropes_         |0  |05  |05   |12.50|62.50     |74.89     |1.15|0       |1.67|
16  |of_            |of_            |0  |02  |02   |12.50|25.00     |31.11     |1.44|0       |1.33|
16  |a_             |a_             |0  |03  |03   |12.50|37.50     |45.21     |0.64|0       |2.50|
16  |new_           |new_           |0  |04  |04   |12.50|50.00     |59.65     |0.96|0       |2.00|
16  |organisation_  |organisation_  |0  |13  |13   |12.50|162.50    |189.32    |0.96|0       |2.00|
16  |.              |.              |0  |01  |01   |12.50|12.50     |17.54     |0.96|0       |2.00|
USER =  16  channel =  4  overlap =  0.12  DATA  =   data mean =  1.01028571429
16  |peering_       |peering_       |0  |05  |05   |11.20|56.00     |67.90     |1.71|0       |1.25|
16  |through_       |through_       |0  |08  |08   |11.20|89.60     |106.53    |1.07|0       |1.88|
16  |a_             |a_             |0  |02  |02   |11.20|22.40     |28.65     |1.07|0       |2.00|
16  |small_         |small_         |0  |06  |06   |11.20|67.20     |80.68     |1.07|0       |2.00|
16  |hole_          |hole_          |0  |05  |05   |11.20|56.00     |67.63     |1.07|0       |2.00|
16  |.              |.              |0  |01  |01   |11.20|11.20     |16.20     |1.07|0       |2.00|
USER =  16  channel =  4  overlap =  0.10  DATA  =   data mean =  1.17857142857
16  |rapidly_       |rapidly_       |0  |06  |06   |9.00 |54.00     |67.58     |1.78|0       |1.50|
16  |running_       |running_       |0  |06  |05   |9.00 |54.00     |57.17     |1.78|0       |1.25|
16  |short_         |short_         |0  |06  |06   |9.00 |54.00     |67.72     |1.33|0       |2.17|
16  |on_            |on_            |0  |04  |03   |9.00 |36.00     |35.43     |1.00|0       |2.00|
16  |words_         |words_         |0  |05  |05   |9.00 |45.00     |57.06     |1.60|0       |1.67|
16  |.              |.              |0  |01  |01   |9.00 |9.00      |13.99     |1.33|0       |2.00|
16  |it_            |it_            |0  |04  |03   |9.00 |36.00     |45.11     |1.00|0       |2.33|
16  |is_            |is_            |0  |02  |02   |9.00 |18.00     |24.35     |2.00|0       |1.33|
16  |difficult_     |difficult_     |0  |11  |10   |9.00 |99.00     |111.47    |1.21|0       |2.00|
USER =  16  channel =  4  overlap =  0.08  DATA  =   data mean =  1.44826038159
16  |a_             |a_             |0  |02  |02   |12.50|25.00     |30.82     |0.96|0       |2.00|
16  |problem_       |problem_       |0  |08  |08   |12.50|100.00    |117.41    |0.96|0       |1.88|
16  |with_          |with_          |0  |05  |05   |12.50|62.50     |74.08     |0.96|0       |2.00|
16  |the_           |the_           |0  |04  |04   |12.50|50.00     |60.14     |0.96|0       |2.00|
16  |engine_        |engine_        |0  |07  |07   |12.50|87.50     |102.73    |0.96|0       |2.00|
16  |.              |.              |0  |01  |01   |12.50|12.50     |17.42     |0.96|0       |2.00|
USER =  16  channel =  5  overlap =  0.12  DATA  =   data mean =  0.96
16  |elephants_     |elephants_     |0  |09  |09   |11.20|100.80    |120.00    |1.19|0       |1.90|
16  |are_           |are_           |0  |04  |04   |11.20|44.80     |54.94     |1.07|0       |1.75|
16  |afraid_        |afraid_        |0  |04  |04   |11.20|44.80     |54.91     |1.88|0       |1.14|
16  |of_            |of_            |0  |02  |02   |11.20|22.40     |28.46     |1.61|0       |1.33|
16  |mice_          |mice_          |0  |04  |04   |11.20|44.80     |54.80     |1.34|0       |1.60|
16  |.              |.              |0  |01  |01   |11.20|11.20     |16.16     |1.07|0       |2.00|
16  |we_            |we_            |0  |03  |03   |11.20|33.60     |42.58     |1.07|0       |2.00|
16  |are_           |are_           |0  |05  |04   |11.20|56.00     |66.20     |0.86|0       |1.75|
USER =  16  channel =  5  overlap =  0.10  DATA  =   data mean =  1.26041666667
16  |please_        |please_        |0  |07  |07   |9.00 |63.00     |78.59     |1.33|0       |2.00|
16  |provide_       |provide_       |0  |08  |08   |9.00 |72.00     |89.47     |1.33|0       |2.00|
16  |your_          |your_          |0  |05  |05   |9.00 |45.00     |56.87     |1.33|0       |2.00|
16  |date_          |date_          |0  |05  |05   |9.00 |45.00     |56.92     |1.33|0       |2.00|
16  |of_            |of_            |0  |02  |02   |9.00 |18.00     |24.12     |2.00|0       |1.33|
16  |birth_         |birth_         |1  |15  |12   |9.00 |135.00    |142.69    |0.53|100     |3.67|
16  |.              |.              |0  |01  |01   |9.00 |9.00      |14.02     |1.33|0       |2.00|
USER =  16  channel =  5  overlap =  0.08  DATA  =   data mean =  1.2380952381
17  |dashing_       |dashing_       |0  |05  |05   |12.50|62.50     |74.07     |1.54|0       |1.25|
17  |through_       |through_       |0  |08  |08   |12.50|100.00    |117.49    |0.96|0       |2.00|
17  |the_           |the_           |0  |04  |04   |12.50|50.00     |59.70     |0.96|0       |2.00|
17  |snow_          |snow_          |0  |05  |05   |12.50|62.50     |74.65     |0.96|0       |2.00|
17  |.              |.              |0  |01  |01   |12.50|12.50     |17.61     |0.96|0       |2.00|
17  |want_          |want_          |0  |05  |05   |12.50|62.50     |75.56     |0.96|0       |2.00|
17  |to_            |to_            |0  |03  |03   |12.50|37.50     |45.86     |0.96|0       |2.33|
USER =  17  channel =  3  overlap =  0.12  DATA  =   data mean =  1.04228571429
17  |stay_          |stay_          |0  |05  |05   |11.20|56.00     |67.70     |1.07|0       |2.00|
17  |away_          |away_          |0  |04  |04   |11.20|44.80     |54.69     |1.34|0       |1.60|
17  |from_          |from_          |0  |03  |03   |11.20|33.60     |41.57     |1.79|0       |1.20|
17  |strangers_     |strangers_     |0  |10  |10   |11.20|112.00    |132.61    |1.07|0       |1.90|
17  |.              |.              |1  |02  |02   |11.20|22.40     |29.06     |0.54|100     |3.00|
17  |accompanied_   |accompanied_   |0  |10  |10   |11.20|112.00    |133.13    |1.29|0       |1.67|
USER =  17  channel =  3  overlap =  0.10  DATA  =   data mean =  1.09226190476
17  |nobody_        |nobody_        |0  |05  |05   |9.00 |45.00     |56.61     |1.87|0       |1.57|
17  |cares_         |cares_         |0  |06  |06   |9.00 |54.00     |67.64     |1.33|0       |2.00|
17  |anymore_       |anymore_       |0  |04  |04   |9.00 |36.00     |46.03     |2.67|0       |1.00|
17  |.              |.              |0  |02  |02   |9.00 |18.00     |24.76     |0.67|0       |4.00|
17  |can_           |can_           |0  |06  |06   |9.00 |54.00     |68.20     |0.89|0       |3.00|
17  |we_            |we_            |0  |03  |03   |9.00 |27.00     |35.13     |1.33|0       |2.00|
17  |play_          |play_          |0  |05  |05   |9.00 |45.00     |56.75     |1.33|0       |2.00|
17  |cards_         |cards_         |0  |05  |05   |9.00 |45.00     |56.99     |1.60|0       |1.67|
USER =  17  channel =  3  overlap =  0.08  DATA  =   data mean =  1.46111111111
17  |prevailing_    |prevailing_    |0  |08  |08   |12.50|100.00    |117.73    |1.32|0       |1.45|
17  |wind_          |wind_          |0  |05  |05   |12.50|62.50     |73.84     |0.96|0       |2.00|
17  |from_          |from_          |0  |03  |03   |12.50|37.50     |45.19     |1.60|0       |1.20|
17  |the_           |the_           |0  |04  |04   |12.50|50.00     |59.59     |0.96|0       |2.00|
17  |east_          |east_          |0  |05  |05   |12.50|62.50     |74.41     |0.96|0       |2.00|
17  |.              |.              |0  |01  |01   |12.50|12.50     |17.55     |0.96|0       |2.00|
USER =  17  channel =  4  overlap =  0.12  DATA  =   data mean =  1.12666666667
17  |never_         |never_         |0  |06  |06   |11.20|67.20     |80.11     |1.07|0       |2.00|
17  |too_           |too_           |0  |06  |06   |11.20|67.20     |80.66     |0.71|0       |3.00|
17  |rich_          |rich_          |0  |05  |05   |11.20|56.00     |67.52     |1.07|0       |2.00|
17  |and_           |and_           |0  |03  |03   |11.20|33.60     |41.51     |1.43|0       |1.50|
17  |never_         |never_         |0  |10  |09   |11.20|112.00    |131.07    |0.64|0       |2.83|
17  |too_           |too_           |0  |04  |04   |11.20|44.80     |54.72     |1.07|0       |2.00|
USER =  17  channel =  4  overlap =  0.10  DATA  =   data mean =  1.0
17  |it_            |it_            |0  |03  |03   |9.00 |27.00     |35.02     |1.33|0       |2.00|
17  |is_            |is_            |0  |02  |02   |9.00 |18.00     |24.24     |2.00|0       |1.33|
17  |very_          |very_          |0  |04  |04   |9.00 |36.00     |46.05     |1.67|0       |1.60|
17  |windy_         |windy_         |0  |06  |06   |9.00 |54.00     |67.65     |1.33|0       |2.00|
17  |today_         |today_         |0  |04  |04   |9.00 |36.00     |45.92     |2.00|0       |1.33|
17  |.              |.              |0  |01  |01   |9.00 |9.00      |13.95     |1.33|0       |2.00|
17  |do_            |do_            |0  |03  |03   |9.00 |27.00     |36.01     |1.33|0       |2.00|
17  |not_           |not_           |0  |05  |05   |9.00 |45.00     |56.90     |1.07|0       |2.00|
17  |worry_         |worry_         |0  |06  |06   |9.00 |54.00     |67.54     |1.33|0       |2.00|
USER =  17  channel =  4  overlap =  0.08  DATA  =   data mean =  1.48888888889
17  |spill_         |spill_         |0  |06  |06   |12.50|75.00     |88.35     |0.96|0       |1.83|
17  |coffee_        |coffee_        |0  |05  |05   |12.50|62.50     |74.88     |1.34|0       |1.43|
17  |on_            |oi_            |1  |03  |03   |12.50|37.50     |45.77     |0.96|33      |2.00|
17  |the_           |the_           |0  |04  |04   |12.50|50.00     |59.71     |0.96|0       |2.00|
17  |carpet_        |carpet_        |0  |07  |07   |12.50|87.50     |103.31    |0.96|0       |1.86|
17  |.              |.              |0  |01  |01   |12.50|12.50     |17.43     |0.96|0       |2.00|
USER =  17  channel =  5  overlap =  0.12  DATA  =   data mean =  1.024
17  |an_            |an_            |0  |03  |03   |11.20|33.60     |41.26     |1.07|0       |2.00|
17  |excellent_     |excellent_     |0  |09  |09   |11.20|100.80    |119.76    |1.19|0       |1.60|
17  |way_           |way_           |1  |08  |08   |11.20|89.60     |106.56    |0.54|100     |4.25|
17  |to_            |to_            |0  |03  |03   |11.20|33.60     |41.77     |1.07|0       |2.00|
17  |communicate_   |communicate_   |0  |12  |12   |11.20|134.40    |159.21    |1.07|0       |2.00|
17  |.              |.              |0  |01  |01   |11.20|11.20     |16.23     |1.07|0       |2.00|
USER =  17  channel =  5  overlap =  0.10  DATA  =   data mean =  0.912698412698
17  |with_          |aisle_         |1  |07  |07   |9.00 |63.00     |78.21     |1.14|80      |2.80|
17  |each_          |each_          |0  |08  |08   |9.00 |72.00     |89.42     |0.83|0       |3.20|
17  |step_          |step_          |0  |05  |05   |9.00 |45.00     |56.99     |1.33|0       |2.00|
17  |forward_       |forward_       |0  |08  |08   |9.00 |72.00     |89.54     |1.33|0       |2.00|
17  |.              |.              |0  |01  |01   |9.00 |9.00      |13.94     |1.33|0       |2.00|
17  |wishful_       |wishful_       |0  |05  |05   |9.00 |45.00     |57.05     |2.13|0       |1.25|
USER =  17  channel =  5  overlap =  0.08  DATA  =   data mean =  1.35158730159
18  |work_          |work_          |0  |05  |05   |12.50|62.50     |74.28     |0.96|0       |2.00|
18  |hard_          |hard_          |0  |05  |05   |12.50|62.50     |74.47     |0.96|0       |2.00|
18  |to_            |to_            |0  |03  |03   |12.50|37.50     |45.86     |0.96|0       |2.00|
18  |reach_         |reach_         |0  |06  |06   |12.50|75.00     |89.24     |0.96|0       |1.83|
18  |the_           |the_           |0  |04  |04   |12.50|50.00     |60.20     |0.96|0       |2.00|
18  |summit_        |sum_           |1  |04  |04   |12.50|50.00     |60.64     |0.96|42      |1.00|
18  |.              |.              |1  |02  |02   |12.50|25.00     |31.87     |0.48|100     |3.00|
USER =  18  channel =  3  overlap =  0.12  DATA  =   data mean =  0.822857142857
18  |a_             |a_             |0  |02  |02   |11.20|22.40     |28.25     |1.07|0       |1.50|
18  |little_        |little_        |0  |04  |04   |11.20|44.80     |54.53     |1.88|0       |1.14|
18  |encouragement_ |encouragement_ |0  |10  |10   |11.20|112.00    |132.97    |1.50|0       |1.36|
18  |is_            |is_            |0  |02  |02   |11.20|22.40     |28.54     |1.61|0       |1.00|
18  |needed_        |needed_        |0  |05  |05   |11.20|56.00     |67.90     |1.50|0       |1.43|
18  |.              |.              |0  |01  |01   |11.20|11.20     |16.23     |1.07|0       |2.00|
18  |stiff_         |stiff_         |0  |06  |06   |11.20|67.20     |81.72     |1.07|0       |2.00|
USER =  18  channel =  3  overlap =  0.10  DATA  =   data mean =  1.38520408163
18  |the_           |the_           |0  |04  |04   |9.00 |36.00     |45.75     |1.33|0       |1.75|
18  |pen_           |pen_           |0  |06  |06   |9.00 |54.00     |67.50     |0.89|0       |3.00|
18  |is_            |is_            |0  |02  |02   |9.00 |18.00     |24.28     |2.00|0       |1.33|
18  |mightier_      |might_         |1  |04  |04   |9.00 |36.00     |45.77     |2.00|33      |0.89|
18  |than_          |than_          |0  |05  |05   |9.00 |45.00     |56.73     |1.33|0       |2.00|
18  |the_           |the_           |0  |04  |04   |9.00 |36.00     |45.78     |1.33|0       |2.00|
18  |sword_         |sword_         |0  |06  |06   |9.00 |54.00     |67.62     |1.33|0       |2.00|
18  |.              |.              |1  |02  |02   |9.00 |18.00     |24.80     |0.67|100     |3.00|
18  |exceed_        |exceed_        |0  |07  |07   |9.00 |63.00     |79.16     |1.33|0       |2.00|
USER =  18  channel =  3  overlap =  0.08  DATA  =   data mean =  1.28395061728
18  |in_            |in_            |0  |03  |03   |12.50|37.50     |45.34     |0.96|0       |2.00|
18  |sharp_         |sharp_         |0  |06  |06   |12.50|75.00     |88.93     |0.96|0       |2.00|
18  |contrast_      |contrast_      |0  |09  |09   |12.50|112.50    |132.51    |0.96|0       |2.00|
18  |to_            |to_            |0  |03  |03   |12.50|37.50     |45.71     |0.96|0       |2.00|
18  |your_          |your_          |0  |05  |05   |12.50|62.50     |74.26     |0.96|0       |2.20|
18  |words_         |words_         |0  |05  |05   |12.50|62.50     |74.37     |1.15|0       |1.67|
18  |.              |.              |0  |01  |01   |12.50|12.50     |17.50     |0.96|0       |2.00|
USER =  18  channel =  4  overlap =  0.12  DATA  =   data mean =  0.987428571429
18  |consequences_  |consequences_  |0  |13  |12   |11.20|145.60    |170.81    |1.07|0       |1.69|
18  |of_            |of_            |0  |02  |02   |11.20|22.40     |28.67     |1.61|0       |1.33|
18  |a_             |a_             |0  |02  |02   |11.20|22.40     |28.46     |1.07|0       |2.00|
18  |wrong_         |wrong_         |0  |04  |04   |11.20|44.80     |54.72     |1.61|0       |1.17|
18  |turn_          |turn_          |0  |06  |06   |11.20|67.20     |80.54     |0.89|0       |2.40|
18  |.              |.              |0  |01  |01   |11.20|11.20     |16.27     |1.07|0       |2.00|
USER =  18  channel =  4  overlap =  0.10  DATA  =   data mean =  1.22023809524
18  |your_          |your_          |0  |05  |05   |9.00 |45.00     |56.67     |1.33|0       |1.80|
18  |etiquette_     |etiquette_     |0  |04  |04   |9.00 |36.00     |46.26     |3.33|0       |0.80|
18  |needs_         |needs_         |0  |07  |07   |9.00 |63.00     |78.64     |1.14|0       |1.83|
18  |some_          |some_          |0  |05  |05   |9.00 |45.00     |56.84     |1.33|0       |1.80|
18  |work_          |work_          |0  |05  |05   |9.00 |45.00     |57.08     |1.33|0       |1.60|
18  |.              |.              |0  |02  |02   |9.00 |18.00     |24.67     |0.67|0       |3.00|
18  |we_            |we_            |0  |04  |04   |9.00 |36.00     |46.61     |1.00|0       |2.33|
18  |better_        |better_        |0  |05  |05   |9.00 |45.00     |56.89     |1.87|0       |1.43|
USER =  18  channel =  4  overlap =  0.08  DATA  =   data mean =  1.50119047619
18  |stability_     |stability_     |0  |08  |08   |12.50|100.00    |117.58    |1.20|0       |1.60|
18  |of_            |of_            |0  |02  |02   |12.50|25.00     |31.21     |1.44|0       |1.33|
18  |the_           |the_           |0  |04  |04   |12.50|50.00     |59.92     |0.96|0       |2.25|
18  |nation_        |nation_        |0  |07  |07   |12.50|87.50     |103.10    |0.96|0       |2.14|
18  |.              |.              |0  |01  |01   |12.50|12.50     |17.29     |0.96|0       |2.00|
18  |house_         |house_         |0  |06  |06   |12.50|75.00     |89.62     |0.96|0       |2.33|
USER =  18  channel =  5  overlap =  0.12  DATA  =   data mean =  1.08
18  |our_           |our_           |0  |03  |03   |11.20|33.60     |41.48     |1.43|0       |1.50|
18  |silver_        |silver_        |0  |07  |07   |11.20|78.40     |93.50     |1.07|0       |1.57|
18  |anniversary_   |anniversary_   |0  |05  |05   |11.20|56.00     |67.97     |2.57|0       |0.83|
18  |is_            |is_            |0  |02  |02   |11.20|22.40     |28.70     |1.61|0       |1.33|
18  |coming_        |coming_        |0  |04  |04   |11.20|44.80     |54.81     |1.88|0       |1.14|
18  |.              |.              |0  |01  |01   |11.20|11.20     |16.13     |1.07|0       |1.00|
18  |the_           |the_           |0  |04  |04   |11.20|44.80     |55.41     |1.07|0       |2.00|
USER =  18  channel =  5  overlap =  0.10  DATA  =   data mean =  1.52806122449
18  |the_           |the_           |0  |05  |04   |9.00 |45.00     |45.91     |1.07|0       |1.75|
18  |punishment_    |punishment_    |0  |08  |08   |9.00 |72.00     |89.85     |1.83|0       |1.27|
18  |should_        |should_        |0  |06  |05   |9.00 |54.00     |56.95     |1.56|0       |2.14|
18  |fit_           |hit_           |1  |07  |07   |9.00 |63.00     |78.59     |0.76|25      |3.00|
18  |the_           |the_           |0  |04  |04   |9.00 |36.00     |45.93     |1.33|0       |1.50|
18  |crime_         |crime_         |0  |06  |06   |9.00 |54.00     |67.72     |1.33|0       |2.00|
18  |.              |.              |0  |01  |01   |9.00 |9.00      |13.97     |1.33|0       |2.00|
18  |sharp_         |sharp_         |0  |07  |06   |9.00 |63.00     |69.03     |1.14|0       |2.17|
USER =  18  channel =  5  overlap =  0.08  DATA  =   data mean =  1.29503968254
19  |sharp_         |sharp_         |0  |06  |06   |12.50|75.00     |88.75     |0.96|0       |1.83|
19  |cheese_        |cheese_        |0  |07  |07   |12.50|87.50     |102.91    |0.96|0       |1.86|
19  |keeps_         |keeps_         |0  |05  |05   |12.50|62.50     |74.25     |1.15|0       |1.50|
19  |the_           |the_           |0  |04  |04   |12.50|50.00     |59.56     |0.96|0       |2.50|
19  |mind_          |mind_          |0  |05  |05   |12.50|62.50     |74.33     |0.96|0       |2.00|
USER =  19  channel =  3  overlap =  0.12  DATA  =   data mean =  0.9984
19  |the_           |the_           |0  |04  |04   |11.20|44.80     |54.21     |1.07|0       |2.00|
19  |registration_  |registration_  |0  |09  |09   |11.20|100.80    |119.72    |1.55|0       |1.38|
19  |period_        |period_        |0  |07  |07   |11.20|78.40     |93.78     |1.07|0       |2.00|
19  |is_            |is_            |0  |02  |02   |11.20|22.40     |28.68     |1.61|0       |1.33|
19  |over_          |over_          |0  |05  |05   |11.20|56.00     |67.70     |1.07|0       |2.00|
19  |.              |.              |0  |01  |01   |11.20|11.20     |16.14     |1.07|0       |2.00|
USER =  19  channel =  3  overlap =  0.10  DATA  =   data mean =  1.24007936508
19  |you_           |you_           |0  |04  |04   |9.00 |36.00     |45.34     |1.33|0       |2.00|
19  |have_          |have_          |0  |03  |03   |9.00 |27.00     |35.09     |2.22|0       |1.20|
19  |my_            |mg_            |1  |05  |05   |9.00 |45.00     |57.03     |0.80|33      |3.33|
19  |sympathy_      |sympathy_      |0  |08  |08   |9.00 |72.00     |89.25     |1.50|0       |1.56|
19  |.              |.              |0  |02  |02   |9.00 |18.00     |24.76     |0.67|0       |4.00|
19  |historic_      |his_           |1  |03  |03   |9.00 |27.00     |35.87     |1.78|55      |0.56|
19  |meeting_       |meeting_       |0  |08  |08   |9.00 |72.00     |88.88     |1.33|0       |2.00|
19  |without_       |without_       |0  |05  |05   |9.00 |45.00     |56.61     |2.13|0       |1.25|
USER =  19  channel =  3  overlap =  0.08  DATA  =   data mean =  1.47083333333
19  |very_          |very_          |0  |04  |04   |12.50|50.00     |59.04     |1.20|0       |1.60|
19  |reluctant_     |reluctant_     |0  |10  |10   |12.50|125.00    |145.66    |0.96|0       |1.90|
19  |to_            |to_            |0  |03  |03   |12.50|37.50     |45.34     |0.96|0       |2.00|
19  |enter_         |enter_         |0  |06  |06   |12.50|75.00     |88.27     |0.96|0       |2.00|
19  |.              |.              |0  |01  |01   |12.50|12.50     |17.36     |0.96|0       |2.00|
19  |good_          |good_          |0  |05  |05   |12.50|62.50     |74.63     |0.96|0       |1.80|
USER =  19  channel =  4  overlap =  0.12  DATA  =   data mean =  1.0
19  |six_           |six_           |0  |04  |04   |11.20|44.80     |54.60     |1.07|0       |2.00|
19  |daughters_     |daughters_     |0  |09  |09   |11.20|100.80    |119.96    |1.19|0       |1.80|
19  |and_           |and_           |0  |03  |03   |11.20|33.60     |41.45     |1.43|0       |1.25|
19  |seven_         |seven_         |0  |06  |06   |11.20|67.20     |80.93     |1.07|0       |1.67|
19  |sons_          |sons_          |0  |05  |04   |11.20|56.00     |66.18     |1.07|0       |1.60|
19  |.              |.              |0  |01  |01   |11.20|11.20     |16.22     |1.07|0       |2.00|
USER =  19  channel =  4  overlap =  0.10  DATA  =   data mean =  1.15079365079
19  |a_             |a_             |0  |03  |02   |9.00 |27.00     |33.19     |0.89|0       |2.00|
19  |thoroughly_    |thoroughly_    |0  |09  |09   |9.00 |81.00     |99.99     |1.63|0       |1.64|
19  |disgusting_    |disgusting_    |0  |08  |08   |9.00 |72.00     |89.70     |1.83|0       |1.36|
19  |thing_         |thing_         |0  |06  |06   |9.00 |54.00     |67.80     |1.33|0       |2.00|
19  |to_            |to_            |0  |03  |03   |9.00 |27.00     |35.11     |1.33|0       |1.33|
19  |say_           |say_           |0  |05  |05   |9.00 |45.00     |56.60     |1.07|0       |2.50|
19  |.              |.              |0  |01  |01   |9.00 |9.00      |13.99     |1.33|0       |2.00|
USER =  19  channel =  4  overlap =  0.08  DATA  =   data mean =  1.3455026455
19  |sign_          |sign_          |0  |05  |05   |12.50|62.50     |74.42     |0.96|0       |2.20|
19  |the_           |the_           |0  |04  |04   |12.50|50.00     |60.06     |0.96|0       |2.00|
19  |withdrawal_    |withdrawal_    |0  |11  |11   |12.50|137.50    |160.86    |0.96|0       |1.82|
19  |slip_          |slip_          |0  |05  |05   |12.50|62.50     |74.40     |0.96|0       |2.00|
19  |.              |.              |0  |01  |01   |12.50|12.50     |17.62     |0.96|0       |2.00|
USER =  19  channel =  5  overlap =  0.12  DATA  =   data mean =  0.96
19  |relations_     |relations_     |0  |10  |10   |11.20|112.00    |133.34    |1.07|0       |2.10|
19  |are_           |are_           |0  |04  |04   |11.20|44.80     |54.72     |1.07|0       |2.00|
19  |very_          |very_          |0  |04  |04   |11.20|44.80     |54.85     |1.34|0       |1.60|
19  |strained_      |strained_      |0  |07  |07   |11.20|78.40     |94.51     |1.38|0       |1.44|
19  |.              |.              |0  |01  |01   |11.20|11.20     |16.18     |1.07|0       |2.00|
19  |the_           |the_           |0  |04  |04   |11.20|44.80     |55.37     |1.07|0       |2.00|
USER =  19  channel =  5  overlap =  0.10  DATA  =   data mean =  1.16709183673
19  |a_             |a_             |0  |02  |02   |9.00 |18.00     |23.99     |1.33|0       |2.00|
19  |very_          |very_          |0  |05  |04   |9.00 |45.00     |46.08     |1.33|0       |1.60|
19  |traditional_   |traditional_   |0  |12  |12   |9.00 |108.00    |132.80    |1.33|0       |2.00|
19  |way_           |way_           |0  |07  |07   |9.00 |63.00     |78.31     |0.76|0       |3.50|
19  |to_            |to_            |0  |03  |03   |9.00 |27.00     |35.21     |1.33|0       |1.67|
19  |dress_         |dress_         |0  |06  |06   |9.00 |54.00     |67.69     |1.33|0       |2.17|
19  |.              |.              |0  |01  |01   |9.00 |9.00      |13.94     |1.33|0       |2.00|
19  |the_           |the_           |0  |05  |04   |9.00 |45.00     |46.94     |1.07|0       |1.75|
USER =  19  channel =  5  overlap =  0.08  DATA  =   data mean =  1.22857142857
